Cnt      PC           IR           RegW  RDin         MemW  MDin
0000     00000000     00000000     0     00000000     0     00000000
0001     00000004     2010ffff     0     00000000     0     00000000
0002     00000004     2010ffff     0     00000000     0     00000000
0003     00000004     2010ffff     1     ffffffff     0     00000000
0004     00000004     2010ffff     0     00000000     0     00000000
0005     00000008     20110000     0     00000000     0     00000000
0006     00000008     20110000     0     00000000     0     00000000
0007     00000008     20110000     1     00000000     0     00000000
0008     00000008     20110000     0     00000000     0     00000000
0009     0000000c     ae300200     0     00000000     0     00000000
000a     0000000c     ae300200     0     00000000     0     00000000
000b     0000000c     ae300200     0     00000000     1     ffffffff
000c     0000000c     ae300200     0     00000000     0     00000000
000d     00000010     22100001     0     00000000     0     00000000
000e     00000010     22100001     0     00000000     0     00000000
000f     00000010     22100001     1     00000000     0     00000000
0010     00000010     22100001     0     00000000     0     00000000
0011     00000014     22310004     0     00000000     0     00000000
0012     00000014     22310004     0     00000000     0     00000000
0013     00000014     22310004     1     00000004     0     00000000
0014     00000014     22310004     0     00000000     0     00000000
0015     00000018     ae300200     0     00000000     0     00000000
0016     00000018     ae300200     0     00000000     0     00000000
0017     00000018     ae300200     0     00000000     1     00000000
0018     00000018     ae300200     0     00000000     0     00000000
0019     0000001c     22100001     0     00000000     0     00000000
001a     0000001c     22100001     0     00000000     0     00000000
001b     0000001c     22100001     1     00000001     0     00000000
001c     0000001c     22100001     0     00000000     0     00000000
001d     00000020     22310004     0     00000000     0     00000000
001e     00000020     22310004     0     00000000     0     00000000
001f     00000020     22310004     1     00000008     0     00000000
0020     00000020     22310004     0     00000000     0     00000000
0021     00000024     ae300200     0     00000000     0     00000000
0022     00000024     ae300200     0     00000000     0     00000000
0023     00000024     ae300200     0     00000000     1     00000001
0024     00000024     ae300200     0     00000000     0     00000000
0025     00000028     22100001     0     00000000     0     00000000
0026     00000028     22100001     0     00000000     0     00000000
0027     00000028     22100001     1     00000002     0     00000000
0028     00000028     22100001     0     00000000     0     00000000
0029     0000002c     22310004     0     00000000     0     00000000
002a     0000002c     22310004     0     00000000     0     00000000
002b     0000002c     22310004     1     0000000c     0     00000000
002c     0000002c     22310004     0     00000000     0     00000000
002d     00000030     ae300200     0     00000000     0     00000000
002e     00000030     ae300200     0     00000000     0     00000000
002f     00000030     ae300200     0     00000000     1     00000002
0030     00000030     ae300200     0     00000000     0     00000000
0031     00000034     22100001     0     00000000     0     00000000
0032     00000034     22100001     0     00000000     0     00000000
0033     00000034     22100001     1     00000003     0     00000000
0034     00000034     22100001     0     00000000     0     00000000
0035     00000038     22310004     0     00000000     0     00000000
0036     00000038     22310004     0     00000000     0     00000000
0037     00000038     22310004     1     00000010     0     00000000
0038     00000038     22310004     0     00000000     0     00000000
0039     0000003c     ae300200     0     00000000     0     00000000
003a     0000003c     ae300200     0     00000000     0     00000000
003b     0000003c     ae300200     0     00000000     1     00000003
003c     0000003c     ae300200     0     00000000     0     00000000
003d     00000040     22100001     0     00000000     0     00000000
003e     00000040     22100001     0     00000000     0     00000000
003f     00000040     22100001     1     00000004     0     00000000
0040     00000040     22100001     0     00000000     0     00000000
0041     00000044     22310004     0     00000000     0     00000000
0042     00000044     22310004     0     00000000     0     00000000
0043     00000044     22310004     1     00000014     0     00000000
0044     00000044     22310004     0     00000000     0     00000000
0045     00000048     ae300200     0     00000000     0     00000000
0046     00000048     ae300200     0     00000000     0     00000000
0047     00000048     ae300200     0     00000000     1     00000004
0048     00000048     ae300200     0     00000000     0     00000000
0049     0000004c     22100001     0     00000000     0     00000000
004a     0000004c     22100001     0     00000000     0     00000000
004b     0000004c     22100001     1     00000005     0     00000000
004c     0000004c     22100001     0     00000000     0     00000000
004d     00000050     22310004     0     00000000     0     00000000
004e     00000050     22310004     0     00000000     0     00000000
004f     00000050     22310004     1     00000018     0     00000000
0050     00000050     22310004     0     00000000     0     00000000
0051     00000054     ae300200     0     00000000     0     00000000
0052     00000054     ae300200     0     00000000     0     00000000
0053     00000054     ae300200     0     00000000     1     00000005
0054     00000054     ae300200     0     00000000     0     00000000
0055     00000058     22100001     0     00000000     0     00000000
0056     00000058     22100001     0     00000000     0     00000000
0057     00000058     22100001     1     00000006     0     00000000
0058     00000058     22100001     0     00000000     0     00000000
0059     0000005c     22310004     0     00000000     0     00000000
005a     0000005c     22310004     0     00000000     0     00000000
005b     0000005c     22310004     1     0000001c     0     00000000
005c     0000005c     22310004     0     00000000     0     00000000
005d     00000060     ae300200     0     00000000     0     00000000
005e     00000060     ae300200     0     00000000     0     00000000
005f     00000060     ae300200     0     00000000     1     00000006
0060     00000060     ae300200     0     00000000     0     00000000
0061     00000064     00008020     0     00000000     0     00000000
0062     00000064     00008020     0     00000000     0     00000000
0063     00000064     00008020     1     00000000     0     00000000
0064     00000064     00008020     0     00000000     0     00000000
0065     00000068     2011001c     0     00000000     0     00000000
0066     00000068     2011001c     0     00000000     0     00000000
0067     00000068     2011001c     1     0000001c     0     00000000
0068     00000068     2011001c     0     00000000     0     00000000
0069     0000006c     8e130200     0     00000000     0     00000000
006a     0000006c     8e130200     0     00000000     0     00000000
006b     0000006c     8e130200     0     00000000     0     00000000
006c     0000006c     8e130200     1     ffffffff     0     00000000
006d     0000006c     8e130200     0     00000000     0     00000000
006e     00000070     8e340200     0     00000000     0     00000000
006f     00000070     8e340200     0     00000000     0     00000000
0070     00000070     8e340200     0     00000000     0     00000000
0071     00000070     8e340200     1     00000006     0     00000000
0072     00000070     8e340200     0     00000000     0     00000000
0073     00000074     0274402a     0     00000000     0     00000000
0074     00000074     0274402a     0     00000000     0     00000000
0075     00000074     0274402a     1     00000001     0     00000000
0076     00000074     0274402a     0     00000000     0     00000000
0077     00000078     11000002     0     00000000     0     00000000
0078     00000078     11000002     0     00000000     0     00000000
0079     00000078     11000002     0     00000000     0     00000000
007a     0000007c     ae330200     0     00000000     0     00000000
007b     0000007c     ae330200     0     00000000     0     00000000
007c     0000007c     ae330200     0     00000000     1     ffffffff
007d     0000007c     ae330200     0     00000000     0     00000000
007e     00000080     ae140200     0     00000000     0     00000000
007f     00000080     ae140200     0     00000000     0     00000000
0080     00000080     ae140200     0     00000000     1     00000006
0081     00000080     ae140200     0     00000000     0     00000000
0082     00000084     2231fffc     0     00000000     0     00000000
0083     00000084     2231fffc     0     00000000     0     00000000
0084     00000084     2231fffc     1     00000018     0     00000000
0085     00000084     2231fffc     0     00000000     0     00000000
0086     00000088     1611fff8     0     00000000     0     00000000
0087     00000088     1611fff8     0     00000000     0     00000000
0088     00000068     1611fff8     0     00000000     0     00000000
0089     0000006c     8e130200     0     00000000     0     00000000
008a     0000006c     8e130200     0     00000000     0     00000000
008b     0000006c     8e130200     0     00000000     0     00000000
008c     0000006c     8e130200     1     00000006     0     00000000
008d     0000006c     8e130200     0     00000000     0     00000000
008e     00000070     8e340200     0     00000000     0     00000000
008f     00000070     8e340200     0     00000000     0     00000000
0090     00000070     8e340200     0     00000000     0     00000000
0091     00000070     8e340200     1     00000005     0     00000000
0092     00000070     8e340200     0     00000000     0     00000000
0093     00000074     0274402a     0     00000000     0     00000000
0094     00000074     0274402a     0     00000000     0     00000000
0095     00000074     0274402a     1     00000000     0     00000000
0096     00000074     0274402a     0     00000000     0     00000000
0097     00000078     11000002     0     00000000     0     00000000
0098     00000078     11000002     0     00000000     0     00000000
0099     00000080     11000002     0     00000000     0     00000000
009a     00000084     2231fffc     0     00000000     0     00000000
009b     00000084     2231fffc     0     00000000     0     00000000
009c     00000084     2231fffc     1     00000014     0     00000000
009d     00000084     2231fffc     0     00000000     0     00000000
009e     00000088     1611fff8     0     00000000     0     00000000
009f     00000088     1611fff8     0     00000000     0     00000000
00a0     00000068     1611fff8     0     00000000     0     00000000
00a1     0000006c     8e130200     0     00000000     0     00000000
00a2     0000006c     8e130200     0     00000000     0     00000000
00a3     0000006c     8e130200     0     00000000     0     00000000
00a4     0000006c     8e130200     1     00000006     0     00000000
00a5     0000006c     8e130200     0     00000000     0     00000000
00a6     00000070     8e340200     0     00000000     0     00000000
00a7     00000070     8e340200     0     00000000     0     00000000
00a8     00000070     8e340200     0     00000000     0     00000000
00a9     00000070     8e340200     1     00000004     0     00000000
00aa     00000070     8e340200     0     00000000     0     00000000
00ab     00000074     0274402a     0     00000000     0     00000000
00ac     00000074     0274402a     0     00000000     0     00000000
00ad     00000074     0274402a     1     00000000     0     00000000
00ae     00000074     0274402a     0     00000000     0     00000000
00af     00000078     11000002     0     00000000     0     00000000
00b0     00000078     11000002     0     00000000     0     00000000
00b1     00000080     11000002     0     00000000     0     00000000
00b2     00000084     2231fffc     0     00000000     0     00000000
00b3     00000084     2231fffc     0     00000000     0     00000000
00b4     00000084     2231fffc     1     00000010     0     00000000
00b5     00000084     2231fffc     0     00000000     0     00000000
00b6     00000088     1611fff8     0     00000000     0     00000000
00b7     00000088     1611fff8     0     00000000     0     00000000
00b8     00000068     1611fff8     0     00000000     0     00000000
00b9     0000006c     8e130200     0     00000000     0     00000000
00ba     0000006c     8e130200     0     00000000     0     00000000
00bb     0000006c     8e130200     0     00000000     0     00000000
00bc     0000006c     8e130200     1     00000006     0     00000000
00bd     0000006c     8e130200     0     00000000     0     00000000
00be     00000070     8e340200     0     00000000     0     00000000
00bf     00000070     8e340200     0     00000000     0     00000000
00c0     00000070     8e340200     0     00000000     0     00000000
00c1     00000070     8e340200     1     00000003     0     00000000
00c2     00000070     8e340200     0     00000000     0     00000000
00c3     00000074     0274402a     0     00000000     0     00000000
00c4     00000074     0274402a     0     00000000     0     00000000
00c5     00000074     0274402a     1     00000000     0     00000000
00c6     00000074     0274402a     0     00000000     0     00000000
00c7     00000078     11000002     0     00000000     0     00000000
00c8     00000078     11000002     0     00000000     0     00000000
00c9     00000080     11000002     0     00000000     0     00000000
00ca     00000084     2231fffc     0     00000000     0     00000000
00cb     00000084     2231fffc     0     00000000     0     00000000
00cc     00000084     2231fffc     1     0000000c     0     00000000
00cd     00000084     2231fffc     0     00000000     0     00000000
00ce     00000088     1611fff8     0     00000000     0     00000000
00cf     00000088     1611fff8     0     00000000     0     00000000
00d0     00000068     1611fff8     0     00000000     0     00000000
00d1     0000006c     8e130200     0     00000000     0     00000000
00d2     0000006c     8e130200     0     00000000     0     00000000
00d3     0000006c     8e130200     0     00000000     0     00000000
00d4     0000006c     8e130200     1     00000006     0     00000000
00d5     0000006c     8e130200     0     00000000     0     00000000
00d6     00000070     8e340200     0     00000000     0     00000000
00d7     00000070     8e340200     0     00000000     0     00000000
00d8     00000070     8e340200     0     00000000     0     00000000
00d9     00000070     8e340200     1     00000002     0     00000000
00da     00000070     8e340200     0     00000000     0     00000000
00db     00000074     0274402a     0     00000000     0     00000000
00dc     00000074     0274402a     0     00000000     0     00000000
00dd     00000074     0274402a     1     00000000     0     00000000
00de     00000074     0274402a     0     00000000     0     00000000
00df     00000078     11000002     0     00000000     0     00000000
00e0     00000078     11000002     0     00000000     0     00000000
00e1     00000080     11000002     0     00000000     0     00000000
00e2     00000084     2231fffc     0     00000000     0     00000000
00e3     00000084     2231fffc     0     00000000     0     00000000
00e4     00000084     2231fffc     1     00000008     0     00000000
00e5     00000084     2231fffc     0     00000000     0     00000000
00e6     00000088     1611fff8     0     00000000     0     00000000
00e7     00000088     1611fff8     0     00000000     0     00000000
00e8     00000068     1611fff8     0     00000000     0     00000000
00e9     0000006c     8e130200     0     00000000     0     00000000
00ea     0000006c     8e130200     0     00000000     0     00000000
00eb     0000006c     8e130200     0     00000000     0     00000000
00ec     0000006c     8e130200     1     00000006     0     00000000
00ed     0000006c     8e130200     0     00000000     0     00000000
00ee     00000070     8e340200     0     00000000     0     00000000
00ef     00000070     8e340200     0     00000000     0     00000000
00f0     00000070     8e340200     0     00000000     0     00000000
00f1     00000070     8e340200     1     00000001     0     00000000
00f2     00000070     8e340200     0     00000000     0     00000000
00f3     00000074     0274402a     0     00000000     0     00000000
00f4     00000074     0274402a     0     00000000     0     00000000
00f5     00000074     0274402a     1     00000000     0     00000000
00f6     00000074     0274402a     0     00000000     0     00000000
00f7     00000078     11000002     0     00000000     0     00000000
00f8     00000078     11000002     0     00000000     0     00000000
00f9     00000080     11000002     0     00000000     0     00000000
00fa     00000084     2231fffc     0     00000000     0     00000000
00fb     00000084     2231fffc     0     00000000     0     00000000
00fc     00000084     2231fffc     1     00000004     0     00000000
00fd     00000084     2231fffc     0     00000000     0     00000000
00fe     00000088     1611fff8     0     00000000     0     00000000
00ff     00000088     1611fff8     0     00000000     0     00000000
0100     00000068     1611fff8     0     00000000     0     00000000
0101     0000006c     8e130200     0     00000000     0     00000000
0102     0000006c     8e130200     0     00000000     0     00000000
0103     0000006c     8e130200     0     00000000     0     00000000
0104     0000006c     8e130200     1     00000006     0     00000000
0105     0000006c     8e130200     0     00000000     0     00000000
0106     00000070     8e340200     0     00000000     0     00000000
0107     00000070     8e340200     0     00000000     0     00000000
0108     00000070     8e340200     0     00000000     0     00000000
0109     00000070     8e340200     1     00000000     0     00000000
010a     00000070     8e340200     0     00000000     0     00000000
010b     00000074     0274402a     0     00000000     0     00000000
010c     00000074     0274402a     0     00000000     0     00000000
010d     00000074     0274402a     1     00000000     0     00000000
010e     00000074     0274402a     0     00000000     0     00000000
010f     00000078     11000002     0     00000000     0     00000000
0110     00000078     11000002     0     00000000     0     00000000
0111     00000080     11000002     0     00000000     0     00000000
0112     00000084     2231fffc     0     00000000     0     00000000
0113     00000084     2231fffc     0     00000000     0     00000000
0114     00000084     2231fffc     1     00000000     0     00000000
0115     00000084     2231fffc     0     00000000     0     00000000
0116     00000088     1611fff8     0     00000000     0     00000000
0117     00000088     1611fff8     0     00000000     0     00000000
0118     00000088     1611fff8     0     00000000     0     00000000
0119     0000008c     22100004     0     00000000     0     00000000
011a     0000008c     22100004     0     00000000     0     00000000
011b     0000008c     22100004     1     00000004     0     00000000
011c     0000008c     22100004     0     00000000     0     00000000
011d     00000090     2011001c     0     00000000     0     00000000
011e     00000090     2011001c     0     00000000     0     00000000
011f     00000090     2011001c     1     0000001c     0     00000000
0120     00000090     2011001c     0     00000000     0     00000000
0121     00000094     1611fff5     0     00000000     0     00000000
0122     00000094     1611fff5     0     00000000     0     00000000
0123     00000068     1611fff5     0     00000000     0     00000000
0124     0000006c     8e130200     0     00000000     0     00000000
0125     0000006c     8e130200     0     00000000     0     00000000
0126     0000006c     8e130200     0     00000000     0     00000000
0127     0000006c     8e130200     1     00000000     0     00000000
0128     0000006c     8e130200     0     00000000     0     00000000
0129     00000070     8e340200     0     00000000     0     00000000
012a     00000070     8e340200     0     00000000     0     00000000
012b     00000070     8e340200     0     00000000     0     00000000
012c     00000070     8e340200     1     ffffffff     0     00000000
012d     00000070     8e340200     0     00000000     0     00000000
012e     00000074     0274402a     0     00000000     0     00000000
012f     00000074     0274402a     0     00000000     0     00000000
0130     00000074     0274402a     1     00000000     0     00000000
0131     00000074     0274402a     0     00000000     0     00000000
0132     00000078     11000002     0     00000000     0     00000000
0133     00000078     11000002     0     00000000     0     00000000
0134     00000080     11000002     0     00000000     0     00000000
0135     00000084     2231fffc     0     00000000     0     00000000
0136     00000084     2231fffc     0     00000000     0     00000000
0137     00000084     2231fffc     1     00000018     0     00000000
0138     00000084     2231fffc     0     00000000     0     00000000
0139     00000088     1611fff8     0     00000000     0     00000000
013a     00000088     1611fff8     0     00000000     0     00000000
013b     00000068     1611fff8     0     00000000     0     00000000
013c     0000006c     8e130200     0     00000000     0     00000000
013d     0000006c     8e130200     0     00000000     0     00000000
013e     0000006c     8e130200     0     00000000     0     00000000
013f     0000006c     8e130200     1     00000000     0     00000000
0140     0000006c     8e130200     0     00000000     0     00000000
0141     00000070     8e340200     0     00000000     0     00000000
0142     00000070     8e340200     0     00000000     0     00000000
0143     00000070     8e340200     0     00000000     0     00000000
0144     00000070     8e340200     1     00000005     0     00000000
0145     00000070     8e340200     0     00000000     0     00000000
0146     00000074     0274402a     0     00000000     0     00000000
0147     00000074     0274402a     0     00000000     0     00000000
0148     00000074     0274402a     1     00000001     0     00000000
0149     00000074     0274402a     0     00000000     0     00000000
014a     00000078     11000002     0     00000000     0     00000000
014b     00000078     11000002     0     00000000     0     00000000
014c     00000078     11000002     0     00000000     0     00000000
014d     0000007c     ae330200     0     00000000     0     00000000
014e     0000007c     ae330200     0     00000000     0     00000000
014f     0000007c     ae330200     0     00000000     1     00000000
0150     0000007c     ae330200     0     00000000     0     00000000
0151     00000080     ae140200     0     00000000     0     00000000
0152     00000080     ae140200     0     00000000     0     00000000
0153     00000080     ae140200     0     00000000     1     00000005
0154     00000080     ae140200     0     00000000     0     00000000
0155     00000084     2231fffc     0     00000000     0     00000000
0156     00000084     2231fffc     0     00000000     0     00000000
0157     00000084     2231fffc     1     00000014     0     00000000
0158     00000084     2231fffc     0     00000000     0     00000000
0159     00000088     1611fff8     0     00000000     0     00000000
015a     00000088     1611fff8     0     00000000     0     00000000
015b     00000068     1611fff8     0     00000000     0     00000000
015c     0000006c     8e130200     0     00000000     0     00000000
015d     0000006c     8e130200     0     00000000     0     00000000
015e     0000006c     8e130200     0     00000000     0     00000000
015f     0000006c     8e130200     1     00000005     0     00000000
0160     0000006c     8e130200     0     00000000     0     00000000
0161     00000070     8e340200     0     00000000     0     00000000
0162     00000070     8e340200     0     00000000     0     00000000
0163     00000070     8e340200     0     00000000     0     00000000
0164     00000070     8e340200     1     00000004     0     00000000
0165     00000070     8e340200     0     00000000     0     00000000
0166     00000074     0274402a     0     00000000     0     00000000
0167     00000074     0274402a     0     00000000     0     00000000
0168     00000074     0274402a     1     00000000     0     00000000
0169     00000074     0274402a     0     00000000     0     00000000
016a     00000078     11000002     0     00000000     0     00000000
016b     00000078     11000002     0     00000000     0     00000000
016c     00000080     11000002     0     00000000     0     00000000
016d     00000084     2231fffc     0     00000000     0     00000000
016e     00000084     2231fffc     0     00000000     0     00000000
016f     00000084     2231fffc     1     00000010     0     00000000
0170     00000084     2231fffc     0     00000000     0     00000000
0171     00000088     1611fff8     0     00000000     0     00000000
0172     00000088     1611fff8     0     00000000     0     00000000
0173     00000068     1611fff8     0     00000000     0     00000000
0174     0000006c     8e130200     0     00000000     0     00000000
0175     0000006c     8e130200     0     00000000     0     00000000
0176     0000006c     8e130200     0     00000000     0     00000000
0177     0000006c     8e130200     1     00000005     0     00000000
0178     0000006c     8e130200     0     00000000     0     00000000
0179     00000070     8e340200     0     00000000     0     00000000
017a     00000070     8e340200     0     00000000     0     00000000
017b     00000070     8e340200     0     00000000     0     00000000
017c     00000070     8e340200     1     00000003     0     00000000
017d     00000070     8e340200     0     00000000     0     00000000
017e     00000074     0274402a     0     00000000     0     00000000
017f     00000074     0274402a     0     00000000     0     00000000
0180     00000074     0274402a     1     00000000     0     00000000
0181     00000074     0274402a     0     00000000     0     00000000
0182     00000078     11000002     0     00000000     0     00000000
0183     00000078     11000002     0     00000000     0     00000000
0184     00000080     11000002     0     00000000     0     00000000
0185     00000084     2231fffc     0     00000000     0     00000000
0186     00000084     2231fffc     0     00000000     0     00000000
0187     00000084     2231fffc     1     0000000c     0     00000000
0188     00000084     2231fffc     0     00000000     0     00000000
0189     00000088     1611fff8     0     00000000     0     00000000
018a     00000088     1611fff8     0     00000000     0     00000000
018b     00000068     1611fff8     0     00000000     0     00000000
018c     0000006c     8e130200     0     00000000     0     00000000
018d     0000006c     8e130200     0     00000000     0     00000000
018e     0000006c     8e130200     0     00000000     0     00000000
018f     0000006c     8e130200     1     00000005     0     00000000
0190     0000006c     8e130200     0     00000000     0     00000000
0191     00000070     8e340200     0     00000000     0     00000000
0192     00000070     8e340200     0     00000000     0     00000000
0193     00000070     8e340200     0     00000000     0     00000000
0194     00000070     8e340200     1     00000002     0     00000000
0195     00000070     8e340200     0     00000000     0     00000000
0196     00000074     0274402a     0     00000000     0     00000000
0197     00000074     0274402a     0     00000000     0     00000000
0198     00000074     0274402a     1     00000000     0     00000000
0199     00000074     0274402a     0     00000000     0     00000000
019a     00000078     11000002     0     00000000     0     00000000
019b     00000078     11000002     0     00000000     0     00000000
019c     00000080     11000002     0     00000000     0     00000000
019d     00000084     2231fffc     0     00000000     0     00000000
019e     00000084     2231fffc     0     00000000     0     00000000
019f     00000084     2231fffc     1     00000008     0     00000000
01a0     00000084     2231fffc     0     00000000     0     00000000
01a1     00000088     1611fff8     0     00000000     0     00000000
01a2     00000088     1611fff8     0     00000000     0     00000000
01a3     00000068     1611fff8     0     00000000     0     00000000
01a4     0000006c     8e130200     0     00000000     0     00000000
01a5     0000006c     8e130200     0     00000000     0     00000000
01a6     0000006c     8e130200     0     00000000     0     00000000
01a7     0000006c     8e130200     1     00000005     0     00000000
01a8     0000006c     8e130200     0     00000000     0     00000000
01a9     00000070     8e340200     0     00000000     0     00000000
01aa     00000070     8e340200     0     00000000     0     00000000
01ab     00000070     8e340200     0     00000000     0     00000000
01ac     00000070     8e340200     1     00000001     0     00000000
01ad     00000070     8e340200     0     00000000     0     00000000
01ae     00000074     0274402a     0     00000000     0     00000000
01af     00000074     0274402a     0     00000000     0     00000000
01b0     00000074     0274402a     1     00000000     0     00000000
01b1     00000074     0274402a     0     00000000     0     00000000
01b2     00000078     11000002     0     00000000     0     00000000
01b3     00000078     11000002     0     00000000     0     00000000
01b4     00000080     11000002     0     00000000     0     00000000
01b5     00000084     2231fffc     0     00000000     0     00000000
01b6     00000084     2231fffc     0     00000000     0     00000000
01b7     00000084     2231fffc     1     00000004     0     00000000
01b8     00000084     2231fffc     0     00000000     0     00000000
01b9     00000088     1611fff8     0     00000000     0     00000000
01ba     00000088     1611fff8     0     00000000     0     00000000
01bb     00000088     1611fff8     0     00000000     0     00000000
01bc     0000008c     22100004     0     00000000     0     00000000
01bd     0000008c     22100004     0     00000000     0     00000000
01be     0000008c     22100004     1     00000008     0     00000000
01bf     0000008c     22100004     0     00000000     0     00000000
01c0     00000090     2011001c     0     00000000     0     00000000
01c1     00000090     2011001c     0     00000000     0     00000000
01c2     00000090     2011001c     1     0000001c     0     00000000
01c3     00000090     2011001c     0     00000000     0     00000000
01c4     00000094     1611fff5     0     00000000     0     00000000
01c5     00000094     1611fff5     0     00000000     0     00000000
01c6     00000068     1611fff5     0     00000000     0     00000000
01c7     0000006c     8e130200     0     00000000     0     00000000
01c8     0000006c     8e130200     0     00000000     0     00000000
01c9     0000006c     8e130200     0     00000000     0     00000000
01ca     0000006c     8e130200     1     00000001     0     00000000
01cb     0000006c     8e130200     0     00000000     0     00000000
01cc     00000070     8e340200     0     00000000     0     00000000
01cd     00000070     8e340200     0     00000000     0     00000000
01ce     00000070     8e340200     0     00000000     0     00000000
01cf     00000070     8e340200     1     ffffffff     0     00000000
01d0     00000070     8e340200     0     00000000     0     00000000
01d1     00000074     0274402a     0     00000000     0     00000000
01d2     00000074     0274402a     0     00000000     0     00000000
01d3     00000074     0274402a     1     00000000     0     00000000
01d4     00000074     0274402a     0     00000000     0     00000000
01d5     00000078     11000002     0     00000000     0     00000000
01d6     00000078     11000002     0     00000000     0     00000000
01d7     00000080     11000002     0     00000000     0     00000000
01d8     00000084     2231fffc     0     00000000     0     00000000
01d9     00000084     2231fffc     0     00000000     0     00000000
01da     00000084     2231fffc     1     00000018     0     00000000
01db     00000084     2231fffc     0     00000000     0     00000000
01dc     00000088     1611fff8     0     00000000     0     00000000
01dd     00000088     1611fff8     0     00000000     0     00000000
01de     00000068     1611fff8     0     00000000     0     00000000
01df     0000006c     8e130200     0     00000000     0     00000000
01e0     0000006c     8e130200     0     00000000     0     00000000
01e1     0000006c     8e130200     0     00000000     0     00000000
01e2     0000006c     8e130200     1     00000001     0     00000000
01e3     0000006c     8e130200     0     00000000     0     00000000
01e4     00000070     8e340200     0     00000000     0     00000000
01e5     00000070     8e340200     0     00000000     0     00000000
01e6     00000070     8e340200     0     00000000     0     00000000
01e7     00000070     8e340200     1     00000000     0     00000000
01e8     00000070     8e340200     0     00000000     0     00000000
01e9     00000074     0274402a     0     00000000     0     00000000
01ea     00000074     0274402a     0     00000000     0     00000000
01eb     00000074     0274402a     1     00000000     0     00000000
01ec     00000074     0274402a     0     00000000     0     00000000
01ed     00000078     11000002     0     00000000     0     00000000
01ee     00000078     11000002     0     00000000     0     00000000
01ef     00000080     11000002     0     00000000     0     00000000
01f0     00000084     2231fffc     0     00000000     0     00000000
01f1     00000084     2231fffc     0     00000000     0     00000000
01f2     00000084     2231fffc     1     00000014     0     00000000
01f3     00000084     2231fffc     0     00000000     0     00000000
01f4     00000088     1611fff8     0     00000000     0     00000000
01f5     00000088     1611fff8     0     00000000     0     00000000
01f6     00000068     1611fff8     0     00000000     0     00000000
01f7     0000006c     8e130200     0     00000000     0     00000000
01f8     0000006c     8e130200     0     00000000     0     00000000
01f9     0000006c     8e130200     0     00000000     0     00000000
01fa     0000006c     8e130200     1     00000001     0     00000000
01fb     0000006c     8e130200     0     00000000     0     00000000
01fc     00000070     8e340200     0     00000000     0     00000000
01fd     00000070     8e340200     0     00000000     0     00000000
01fe     00000070     8e340200     0     00000000     0     00000000
01ff     00000070     8e340200     1     00000004     0     00000000
0200     00000070     8e340200     0     00000000     0     00000000
0201     00000074     0274402a     0     00000000     0     00000000
0202     00000074     0274402a     0     00000000     0     00000000
0203     00000074     0274402a     1     00000001     0     00000000
0204     00000074     0274402a     0     00000000     0     00000000
0205     00000078     11000002     0     00000000     0     00000000
0206     00000078     11000002     0     00000000     0     00000000
0207     00000078     11000002     0     00000000     0     00000000
0208     0000007c     ae330200     0     00000000     0     00000000
0209     0000007c     ae330200     0     00000000     0     00000000
020a     0000007c     ae330200     0     00000000     1     00000001
020b     0000007c     ae330200     0     00000000     0     00000000
020c     00000080     ae140200     0     00000000     0     00000000
020d     00000080     ae140200     0     00000000     0     00000000
020e     00000080     ae140200     0     00000000     1     00000004
020f     00000080     ae140200     0     00000000     0     00000000
0210     00000084     2231fffc     0     00000000     0     00000000
0211     00000084     2231fffc     0     00000000     0     00000000
0212     00000084     2231fffc     1     00000010     0     00000000
0213     00000084     2231fffc     0     00000000     0     00000000
0214     00000088     1611fff8     0     00000000     0     00000000
0215     00000088     1611fff8     0     00000000     0     00000000
0216     00000068     1611fff8     0     00000000     0     00000000
0217     0000006c     8e130200     0     00000000     0     00000000
0218     0000006c     8e130200     0     00000000     0     00000000
0219     0000006c     8e130200     0     00000000     0     00000000
021a     0000006c     8e130200     1     00000004     0     00000000
021b     0000006c     8e130200     0     00000000     0     00000000
021c     00000070     8e340200     0     00000000     0     00000000
021d     00000070     8e340200     0     00000000     0     00000000
021e     00000070     8e340200     0     00000000     0     00000000
021f     00000070     8e340200     1     00000003     0     00000000
0220     00000070     8e340200     0     00000000     0     00000000
0221     00000074     0274402a     0     00000000     0     00000000
0222     00000074     0274402a     0     00000000     0     00000000
0223     00000074     0274402a     1     00000000     0     00000000
0224     00000074     0274402a     0     00000000     0     00000000
0225     00000078     11000002     0     00000000     0     00000000
0226     00000078     11000002     0     00000000     0     00000000
0227     00000080     11000002     0     00000000     0     00000000
0228     00000084     2231fffc     0     00000000     0     00000000
0229     00000084     2231fffc     0     00000000     0     00000000
022a     00000084     2231fffc     1     0000000c     0     00000000
022b     00000084     2231fffc     0     00000000     0     00000000
022c     00000088     1611fff8     0     00000000     0     00000000
022d     00000088     1611fff8     0     00000000     0     00000000
022e     00000068     1611fff8     0     00000000     0     00000000
022f     0000006c     8e130200     0     00000000     0     00000000
0230     0000006c     8e130200     0     00000000     0     00000000
0231     0000006c     8e130200     0     00000000     0     00000000
0232     0000006c     8e130200     1     00000004     0     00000000
0233     0000006c     8e130200     0     00000000     0     00000000
0234     00000070     8e340200     0     00000000     0     00000000
0235     00000070     8e340200     0     00000000     0     00000000
0236     00000070     8e340200     0     00000000     0     00000000
0237     00000070     8e340200     1     00000002     0     00000000
0238     00000070     8e340200     0     00000000     0     00000000
0239     00000074     0274402a     0     00000000     0     00000000
023a     00000074     0274402a     0     00000000     0     00000000
023b     00000074     0274402a     1     00000000     0     00000000
023c     00000074     0274402a     0     00000000     0     00000000
023d     00000078     11000002     0     00000000     0     00000000
023e     00000078     11000002     0     00000000     0     00000000
023f     00000080     11000002     0     00000000     0     00000000
0240     00000084     2231fffc     0     00000000     0     00000000
0241     00000084     2231fffc     0     00000000     0     00000000
0242     00000084     2231fffc     1     00000008     0     00000000
0243     00000084     2231fffc     0     00000000     0     00000000
0244     00000088     1611fff8     0     00000000     0     00000000
0245     00000088     1611fff8     0     00000000     0     00000000
0246     00000088     1611fff8     0     00000000     0     00000000
0247     0000008c     22100004     0     00000000     0     00000000
0248     0000008c     22100004     0     00000000     0     00000000
0249     0000008c     22100004     1     0000000c     0     00000000
024a     0000008c     22100004     0     00000000     0     00000000
024b     00000090     2011001c     0     00000000     0     00000000
024c     00000090     2011001c     0     00000000     0     00000000
024d     00000090     2011001c     1     0000001c     0     00000000
024e     00000090     2011001c     0     00000000     0     00000000
024f     00000094     1611fff5     0     00000000     0     00000000
0250     00000094     1611fff5     0     00000000     0     00000000
0251     00000068     1611fff5     0     00000000     0     00000000
0252     0000006c     8e130200     0     00000000     0     00000000
0253     0000006c     8e130200     0     00000000     0     00000000
0254     0000006c     8e130200     0     00000000     0     00000000
0255     0000006c     8e130200     1     00000002     0     00000000
0256     0000006c     8e130200     0     00000000     0     00000000
0257     00000070     8e340200     0     00000000     0     00000000
0258     00000070     8e340200     0     00000000     0     00000000
0259     00000070     8e340200     0     00000000     0     00000000
025a     00000070     8e340200     1     ffffffff     0     00000000
025b     00000070     8e340200     0     00000000     0     00000000
025c     00000074     0274402a     0     00000000     0     00000000
025d     00000074     0274402a     0     00000000     0     00000000
025e     00000074     0274402a     1     00000000     0     00000000
025f     00000074     0274402a     0     00000000     0     00000000
0260     00000078     11000002     0     00000000     0     00000000
0261     00000078     11000002     0     00000000     0     00000000
0262     00000080     11000002     0     00000000     0     00000000
0263     00000084     2231fffc     0     00000000     0     00000000
0264     00000084     2231fffc     0     00000000     0     00000000
0265     00000084     2231fffc     1     00000018     0     00000000
0266     00000084     2231fffc     0     00000000     0     00000000
0267     00000088     1611fff8     0     00000000     0     00000000
0268     00000088     1611fff8     0     00000000     0     00000000
0269     00000068     1611fff8     0     00000000     0     00000000
026a     0000006c     8e130200     0     00000000     0     00000000
026b     0000006c     8e130200     0     00000000     0     00000000
026c     0000006c     8e130200     0     00000000     0     00000000
026d     0000006c     8e130200     1     00000002     0     00000000
026e     0000006c     8e130200     0     00000000     0     00000000
026f     00000070     8e340200     0     00000000     0     00000000
0270     00000070     8e340200     0     00000000     0     00000000
0271     00000070     8e340200     0     00000000     0     00000000
0272     00000070     8e340200     1     00000000     0     00000000
0273     00000070     8e340200     0     00000000     0     00000000
0274     00000074     0274402a     0     00000000     0     00000000
0275     00000074     0274402a     0     00000000     0     00000000
0276     00000074     0274402a     1     00000000     0     00000000
0277     00000074     0274402a     0     00000000     0     00000000
0278     00000078     11000002     0     00000000     0     00000000
0279     00000078     11000002     0     00000000     0     00000000
027a     00000080     11000002     0     00000000     0     00000000
027b     00000084     2231fffc     0     00000000     0     00000000
027c     00000084     2231fffc     0     00000000     0     00000000
027d     00000084     2231fffc     1     00000014     0     00000000
027e     00000084     2231fffc     0     00000000     0     00000000
027f     00000088     1611fff8     0     00000000     0     00000000
0280     00000088     1611fff8     0     00000000     0     00000000
0281     00000068     1611fff8     0     00000000     0     00000000
0282     0000006c     8e130200     0     00000000     0     00000000
0283     0000006c     8e130200     0     00000000     0     00000000
0284     0000006c     8e130200     0     00000000     0     00000000
0285     0000006c     8e130200     1     00000002     0     00000000
0286     0000006c     8e130200     0     00000000     0     00000000
0287     00000070     8e340200     0     00000000     0     00000000
0288     00000070     8e340200     0     00000000     0     00000000
0289     00000070     8e340200     0     00000000     0     00000000
028a     00000070     8e340200     1     00000001     0     00000000
028b     00000070     8e340200     0     00000000     0     00000000
028c     00000074     0274402a     0     00000000     0     00000000
028d     00000074     0274402a     0     00000000     0     00000000
028e     00000074     0274402a     1     00000000     0     00000000
028f     00000074     0274402a     0     00000000     0     00000000
0290     00000078     11000002     0     00000000     0     00000000
0291     00000078     11000002     0     00000000     0     00000000
0292     00000080     11000002     0     00000000     0     00000000
0293     00000084     2231fffc     0     00000000     0     00000000
0294     00000084     2231fffc     0     00000000     0     00000000
0295     00000084     2231fffc     1     00000010     0     00000000
0296     00000084     2231fffc     0     00000000     0     00000000
0297     00000088     1611fff8     0     00000000     0     00000000
0298     00000088     1611fff8     0     00000000     0     00000000
0299     00000068     1611fff8     0     00000000     0     00000000
029a     0000006c     8e130200     0     00000000     0     00000000
029b     0000006c     8e130200     0     00000000     0     00000000
029c     0000006c     8e130200     0     00000000     0     00000000
029d     0000006c     8e130200     1     00000002     0     00000000
029e     0000006c     8e130200     0     00000000     0     00000000
029f     00000070     8e340200     0     00000000     0     00000000
02a0     00000070     8e340200     0     00000000     0     00000000
02a1     00000070     8e340200     0     00000000     0     00000000
02a2     00000070     8e340200     1     00000003     0     00000000
02a3     00000070     8e340200     0     00000000     0     00000000
02a4     00000074     0274402a     0     00000000     0     00000000
02a5     00000074     0274402a     0     00000000     0     00000000
02a6     00000074     0274402a     1     00000001     0     00000000
02a7     00000074     0274402a     0     00000000     0     00000000
02a8     00000078     11000002     0     00000000     0     00000000
02a9     00000078     11000002     0     00000000     0     00000000
02aa     00000078     11000002     0     00000000     0     00000000
02ab     0000007c     ae330200     0     00000000     0     00000000
02ac     0000007c     ae330200     0     00000000     0     00000000
02ad     0000007c     ae330200     0     00000000     1     00000002
02ae     0000007c     ae330200     0     00000000     0     00000000
02af     00000080     ae140200     0     00000000     0     00000000
02b0     00000080     ae140200     0     00000000     0     00000000
02b1     00000080     ae140200     0     00000000     1     00000003
02b2     00000080     ae140200     0     00000000     0     00000000
02b3     00000084     2231fffc     0     00000000     0     00000000
02b4     00000084     2231fffc     0     00000000     0     00000000
02b5     00000084     2231fffc     1     0000000c     0     00000000
02b6     00000084     2231fffc     0     00000000     0     00000000
02b7     00000088     1611fff8     0     00000000     0     00000000
02b8     00000088     1611fff8     0     00000000     0     00000000
02b9     00000088     1611fff8     0     00000000     0     00000000
02ba     0000008c     22100004     0     00000000     0     00000000
02bb     0000008c     22100004     0     00000000     0     00000000
02bc     0000008c     22100004     1     00000010     0     00000000
02bd     0000008c     22100004     0     00000000     0     00000000
02be     00000090     2011001c     0     00000000     0     00000000
02bf     00000090     2011001c     0     00000000     0     00000000
02c0     00000090     2011001c     1     0000001c     0     00000000
02c1     00000090     2011001c     0     00000000     0     00000000
02c2     00000094     1611fff5     0     00000000     0     00000000
02c3     00000094     1611fff5     0     00000000     0     00000000
02c4     00000068     1611fff5     0     00000000     0     00000000
02c5     0000006c     8e130200     0     00000000     0     00000000
02c6     0000006c     8e130200     0     00000000     0     00000000
02c7     0000006c     8e130200     0     00000000     0     00000000
02c8     0000006c     8e130200     1     00000002     0     00000000
02c9     0000006c     8e130200     0     00000000     0     00000000
02ca     00000070     8e340200     0     00000000     0     00000000
02cb     00000070     8e340200     0     00000000     0     00000000
02cc     00000070     8e340200     0     00000000     0     00000000
02cd     00000070     8e340200     1     ffffffff     0     00000000
02ce     00000070     8e340200     0     00000000     0     00000000
02cf     00000074     0274402a     0     00000000     0     00000000
02d0     00000074     0274402a     0     00000000     0     00000000
02d1     00000074     0274402a     1     00000000     0     00000000
02d2     00000074     0274402a     0     00000000     0     00000000
02d3     00000078     11000002     0     00000000     0     00000000
02d4     00000078     11000002     0     00000000     0     00000000
02d5     00000080     11000002     0     00000000     0     00000000
02d6     00000084     2231fffc     0     00000000     0     00000000
02d7     00000084     2231fffc     0     00000000     0     00000000
02d8     00000084     2231fffc     1     00000018     0     00000000
02d9     00000084     2231fffc     0     00000000     0     00000000
02da     00000088     1611fff8     0     00000000     0     00000000
02db     00000088     1611fff8     0     00000000     0     00000000
02dc     00000068     1611fff8     0     00000000     0     00000000
02dd     0000006c     8e130200     0     00000000     0     00000000
02de     0000006c     8e130200     0     00000000     0     00000000
02df     0000006c     8e130200     0     00000000     0     00000000
02e0     0000006c     8e130200     1     00000002     0     00000000
02e1     0000006c     8e130200     0     00000000     0     00000000
02e2     00000070     8e340200     0     00000000     0     00000000
02e3     00000070     8e340200     0     00000000     0     00000000
02e4     00000070     8e340200     0     00000000     0     00000000
02e5     00000070     8e340200     1     00000000     0     00000000
02e6     00000070     8e340200     0     00000000     0     00000000
02e7     00000074     0274402a     0     00000000     0     00000000
02e8     00000074     0274402a     0     00000000     0     00000000
02e9     00000074     0274402a     1     00000000     0     00000000
02ea     00000074     0274402a     0     00000000     0     00000000
02eb     00000078     11000002     0     00000000     0     00000000
02ec     00000078     11000002     0     00000000     0     00000000
02ed     00000080     11000002     0     00000000     0     00000000
02ee     00000084     2231fffc     0     00000000     0     00000000
02ef     00000084     2231fffc     0     00000000     0     00000000
02f0     00000084     2231fffc     1     00000014     0     00000000
02f1     00000084     2231fffc     0     00000000     0     00000000
02f2     00000088     1611fff8     0     00000000     0     00000000
02f3     00000088     1611fff8     0     00000000     0     00000000
02f4     00000068     1611fff8     0     00000000     0     00000000
02f5     0000006c     8e130200     0     00000000     0     00000000
02f6     0000006c     8e130200     0     00000000     0     00000000
02f7     0000006c     8e130200     0     00000000     0     00000000
02f8     0000006c     8e130200     1     00000002     0     00000000
02f9     0000006c     8e130200     0     00000000     0     00000000
02fa     00000070     8e340200     0     00000000     0     00000000
02fb     00000070     8e340200     0     00000000     0     00000000
02fc     00000070     8e340200     0     00000000     0     00000000
02fd     00000070     8e340200     1     00000001     0     00000000
02fe     00000070     8e340200     0     00000000     0     00000000
02ff     00000074     0274402a     0     00000000     0     00000000
0300     00000074     0274402a     0     00000000     0     00000000
0301     00000074     0274402a     1     00000000     0     00000000
0302     00000074     0274402a     0     00000000     0     00000000
0303     00000078     11000002     0     00000000     0     00000000
0304     00000078     11000002     0     00000000     0     00000000
0305     00000080     11000002     0     00000000     0     00000000
0306     00000084     2231fffc     0     00000000     0     00000000
0307     00000084     2231fffc     0     00000000     0     00000000
0308     00000084     2231fffc     1     00000010     0     00000000
0309     00000084     2231fffc     0     00000000     0     00000000
030a     00000088     1611fff8     0     00000000     0     00000000
030b     00000088     1611fff8     0     00000000     0     00000000
030c     00000088     1611fff8     0     00000000     0     00000000
030d     0000008c     22100004     0     00000000     0     00000000
030e     0000008c     22100004     0     00000000     0     00000000
030f     0000008c     22100004     1     00000014     0     00000000
0310     0000008c     22100004     0     00000000     0     00000000
0311     00000090     2011001c     0     00000000     0     00000000
0312     00000090     2011001c     0     00000000     0     00000000
0313     00000090     2011001c     1     0000001c     0     00000000
0314     00000090     2011001c     0     00000000     0     00000000
0315     00000094     1611fff5     0     00000000     0     00000000
0316     00000094     1611fff5     0     00000000     0     00000000
0317     00000068     1611fff5     0     00000000     0     00000000
0318     0000006c     8e130200     0     00000000     0     00000000
0319     0000006c     8e130200     0     00000000     0     00000000
031a     0000006c     8e130200     0     00000000     0     00000000
031b     0000006c     8e130200     1     00000001     0     00000000
031c     0000006c     8e130200     0     00000000     0     00000000
031d     00000070     8e340200     0     00000000     0     00000000
031e     00000070     8e340200     0     00000000     0     00000000
031f     00000070     8e340200     0     00000000     0     00000000
0320     00000070     8e340200     1     ffffffff     0     00000000
0321     00000070     8e340200     0     00000000     0     00000000
0322     00000074     0274402a     0     00000000     0     00000000
0323     00000074     0274402a     0     00000000     0     00000000
0324     00000074     0274402a     1     00000000     0     00000000
0325     00000074     0274402a     0     00000000     0     00000000
0326     00000078     11000002     0     00000000     0     00000000
0327     00000078     11000002     0     00000000     0     00000000
0328     00000080     11000002     0     00000000     0     00000000
0329     00000084     2231fffc     0     00000000     0     00000000
032a     00000084     2231fffc     0     00000000     0     00000000
032b     00000084     2231fffc     1     00000018     0     00000000
032c     00000084     2231fffc     0     00000000     0     00000000
032d     00000088     1611fff8     0     00000000     0     00000000
032e     00000088     1611fff8     0     00000000     0     00000000
032f     00000068     1611fff8     0     00000000     0     00000000
0330     0000006c     8e130200     0     00000000     0     00000000
0331     0000006c     8e130200     0     00000000     0     00000000
0332     0000006c     8e130200     0     00000000     0     00000000
0333     0000006c     8e130200     1     00000001     0     00000000
0334     0000006c     8e130200     0     00000000     0     00000000
0335     00000070     8e340200     0     00000000     0     00000000
0336     00000070     8e340200     0     00000000     0     00000000
0337     00000070     8e340200     0     00000000     0     00000000
0338     00000070     8e340200     1     00000000     0     00000000
0339     00000070     8e340200     0     00000000     0     00000000
033a     00000074     0274402a     0     00000000     0     00000000
033b     00000074     0274402a     0     00000000     0     00000000
033c     00000074     0274402a     1     00000000     0     00000000
033d     00000074     0274402a     0     00000000     0     00000000
033e     00000078     11000002     0     00000000     0     00000000
033f     00000078     11000002     0     00000000     0     00000000
0340     00000080     11000002     0     00000000     0     00000000
0341     00000084     2231fffc     0     00000000     0     00000000
0342     00000084     2231fffc     0     00000000     0     00000000
0343     00000084     2231fffc     1     00000014     0     00000000
0344     00000084     2231fffc     0     00000000     0     00000000
0345     00000088     1611fff8     0     00000000     0     00000000
0346     00000088     1611fff8     0     00000000     0     00000000
0347     00000088     1611fff8     0     00000000     0     00000000
0348     0000008c     22100004     0     00000000     0     00000000
0349     0000008c     22100004     0     00000000     0     00000000
034a     0000008c     22100004     1     00000018     0     00000000
034b     0000008c     22100004     0     00000000     0     00000000
034c     00000090     2011001c     0     00000000     0     00000000
034d     00000090     2011001c     0     00000000     0     00000000
034e     00000090     2011001c     1     0000001c     0     00000000
034f     00000090     2011001c     0     00000000     0     00000000
0350     00000094     1611fff5     0     00000000     0     00000000
0351     00000094     1611fff5     0     00000000     0     00000000
0352     00000068     1611fff5     0     00000000     0     00000000
0353     0000006c     8e130200     0     00000000     0     00000000
0354     0000006c     8e130200     0     00000000     0     00000000
0355     0000006c     8e130200     0     00000000     0     00000000
0356     0000006c     8e130200     1     00000000     0     00000000
0357     0000006c     8e130200     0     00000000     0     00000000
0358     00000070     8e340200     0     00000000     0     00000000
0359     00000070     8e340200     0     00000000     0     00000000
035a     00000070     8e340200     0     00000000     0     00000000
035b     00000070     8e340200     1     ffffffff     0     00000000
035c     00000070     8e340200     0     00000000     0     00000000
035d     00000074     0274402a     0     00000000     0     00000000
035e     00000074     0274402a     0     00000000     0     00000000
035f     00000074     0274402a     1     00000000     0     00000000
0360     00000074     0274402a     0     00000000     0     00000000
0361     00000078     11000002     0     00000000     0     00000000
0362     00000078     11000002     0     00000000     0     00000000
0363     00000080     11000002     0     00000000     0     00000000
0364     00000084     2231fffc     0     00000000     0     00000000
0365     00000084     2231fffc     0     00000000     0     00000000
0366     00000084     2231fffc     1     00000018     0     00000000
0367     00000084     2231fffc     0     00000000     0     00000000
0368     00000088     1611fff8     0     00000000     0     00000000
0369     00000088     1611fff8     0     00000000     0     00000000
036a     00000088     1611fff8     0     00000000     0     00000000
036b     0000008c     22100004     0     00000000     0     00000000
036c     0000008c     22100004     0     00000000     0     00000000
036d     0000008c     22100004     1     0000001c     0     00000000
036e     0000008c     22100004     0     00000000     0     00000000
036f     00000090     2011001c     0     00000000     0     00000000
0370     00000090     2011001c     0     00000000     0     00000000
0371     00000090     2011001c     1     0000001c     0     00000000
0372     00000090     2011001c     0     00000000     0     00000000
0373     00000094     1611fff5     0     00000000     0     00000000
0374     00000094     1611fff5     0     00000000     0     00000000
0375     00000094     1611fff5     0     00000000     0     00000000
0376     00000098     2002000a     0     00000000     0     00000000
0377     00000098     2002000a     0     00000000     0     00000000
0378     00000098     2002000a     1     0000000a     0     00000000
0379     00000098     2002000a     0     00000000     0     00000000
037a     0000009c     0000000c     0     00000000     0     00000000
037b     0000009c     0000000c     0     00000000     0     00000000